0.119 0.178 0.237 0.113 0.169 0.225 0.119 0.178 0.237 0.119 0.178 0.237 0.005
0.178 0.267 0.356 0.169 0.253 0.338 0.178 0.267 0.356 0.178 0.267 0.356 0.005
0.237 0.356 0.475 0.225 0.338 0.450 0.237 0.356 0.475 0.237 0.356 0.475 0.005
0.062 0.094 0.125 0.075 0.113 0.150 0.094 0.141 0.188 0.069 0.103 0.138 0.005
0.094 0.141 0.188 0.113 0.169 0.225 0.141 0.211 0.281 0.103 0.155 0.206 0.005
0.125 0.188 0.250 0.150 0.225 0.300 0.188 0.281 0.375 0.138 0.206 0.275 0.005
0.087 0.131 0.175 0.094 0.141 0.188 0.094 0.141 0.188 0.100 0.150 0.200 0.005
0.131 0.197 0.263 0.141 0.211 0.281 0.141 0.211 0.281 0.150 0.225 0.300 0.005
0.175 0.263 0.350 0.188 0.281 0.375 0.188 0.281 0.375 0.200 0.300 0.400 0.005
0.062 0.094 0.125 0.056 0.084 0.113 0.081 0.122 0.163 0.087 0.131 0.175 0.005
0.094 0.141 0.188 0.084 0.127 0.169 0.122 0.183 0.244 0.131 0.197 0.263 0.005
0.125 0.188 0.250 0.113 0.169 0.225 0.163 0.244 0.325 0.175 0.263 0.350 0.005
0.005 0.005 0.005 0.005 0.005 0.005 0.005 0.005 0.005 0.005 0.005 0.005 0.005
